
script test
	120	test	test	5,3
;


script 11
	60	111	empty	2,-1
	60	111	empty	2,-1
	60	111	111	2,-1
	60	111	empty	2,-1
	60	111	empty	2,-1

	60	112	empty	8,-1
	60	112	111	8,-1
	60	112	111	8,-1
	60	112	empty	8,-1
	60	112	111	8,-1
;

script 12
	30	121	empty	0,-1
	30	121	122	1,-1
	30	121	empty	2,-1
	30	121	122	3,-1
	30	121	empty	4,-1
	30	121	122	5,-1
	30	121	empty	6,-1
	30	121	122	7,-1
	30	121	empty	8,-1
	
	60	122	empty	10,-1
	30	122	122	9,-1
	30	122	empty	8,-1
	30	122	122	7,-1
	30	122	empty	6,-1
	30	122	122	5,-1
	30	122	empty	4,-1
	30	122	122	3,-1
	30	122	empty	2,-1
;

script 13
	30	131	133	-1,6
	20	131	empty	-1,6
	20	131	empty	-1,6
	20	131	empty	-1,6
	20	131	133	-1,6
	20	131	empty	-1,6
	20	131	empty	-1,6
	20	131	empty	-1,6
	60	132	133	11,6
	20	132	empty	11,6
	20	132	empty	11,6
	20	132	empty	11,6
	20	132	133	11,6
	20	132	empty	11,6
	20	132	empty	11,6
	20	132	empty	11,6
;

12
12
13

script 14
	30	121	133	0,-1
	30	121	122	1,-1
	30	121	133	2,-1
	30	121	122	3,-1
	30	121	133	4,-1
	30	121	122	5,-1
	30	121	133	6,-1
	30	121	122	7,-1
	30	121	133	8,-1
	
	60	122	122	10,-1
	30	122	133	9,-1
	30	122	122	8,-1
	30	122	133	7,-1
	30	122	122	6,-1
	30	122	133	5,-1
	30	122	122	4,-1
	30	122	133	3,-1
	30	122	122	2,-1
;

script 15
	30	151	155	3,-2
	5	131	133	-1,6
	5	151	empty	3,-2
	5	131	133	-1,6
	5	151	empty	3,-2
	5	131	133	-1,6
	5	151	empty	3,-2
	30	152	155	7,-2
	5	132	133	11,6
	5	152	empty	7,-2
	5	132	133	11,6
	5	152	empty	7,-2
	5	132	133	11,6
	5	152	empty	7,-2
	30	151	155	3,-2
	5	131	133	-1,6
	5	151	empty	3,-2
	5	131	133	-1,6
	5	151	empty	3,-2
	5	131	133	-1,6
	5	151	empty	3,-2
	30	152	155	7,-2
	5	132	133	11,6
	5	152	empty	7,-2
	5	132	133	11,6
	5	152	empty	7,-2
	5	132	133	11,6
	5	152	empty	7,-2
;

script 16
	60	111	161	1,-1
	60	111	161	1,-1
	60	111	161	1,-1
	60	111	161	1,-1
	60	111	161	1,-1

	60	112	161	9,-1
	60	112	161	9,-1
	60	112	161	9,-1
	60	112	161	9,-1
	60	112	161	9,-1
;

15

script 17
	60	171	177	-1,3
	720	172	177	11,3
;
!
script 18
	60	172	177	11,3
	30	151	155	3,-2
	30	152	155	7,-2
	30	151	155	3,-2
	30	152	155	7,-2
	30	151	155	3,-2
	30	152	155	7,-2
	30	151	155	3,-2
	30	152	155	7,-2
	30	151	155	3,-2
	30	152	155	7,-2
	30	151	155	3,-2
	30	152	155	7,-2
	30	151	155	3,-2
	30	152	155	7,-2
	30	151	155	3,-2
	30	152	155	7,-2
	30	151	155	3,-2
	30	152	155	7,-2
	30	151	155	3,-2
	30	152	155	7,-2
	30	151	155	3,-2
	30	152	155	7,-2
	30	151	155	3,-2
	29	152	155	7,-2
	1	171	177	-1,3
	30	151	155	3,-2
	30	152	155	7,-2
	30	151	155	3,-2
	30	152	155	7,-2
	30	151	155	3,-2
	30	152	155	7,-2
	30	151	155	3,-2
	30	152	155	7,-2
	30	151	155	3,-2
	30	152	155	7,-2
	30	151	155	3,-2
	30	152	155	7,-2
	30	151	155	3,-2
	30	152	155	7,-2
	30	151	155	3,-2
	30	152	155	7,-2
	30	151	155	3,-2
	30	152	155	7,-2
;

?

script name
	delay	enemy	routine	origin
	delay	enemy	routine	origin
;

bosstest