!

script 31
	120	311	311	-1,3
	120	312	312	11,3
	120	311	311	-1,3
	120	312	312	11,3
	120	311	311	-1,3
	120	312	312	11,3
	120	311	311	-1,3
	120	312	312	11,3
;

script 32
	120	311	311	-1,3
	80	321	321	-1,1
	40	312	312	11,3
	80	322	321	11,1
	40	311	311	-1,3
	80	321	321	-1,1
	40	312	312	11,3
	80	322	321	11,1
	80	321	321	-1,1
	80	322	321	11,1
;

script 33
	240	331	331	-2,1
	1	332	332	12,1
;

script 34
	120	341	341	-1,11
	120	342	342	11,11
	960	321	321	-1,1
	80	322	321	11,1
	80	321	321	-1,1
	80	322	321	11,1
;

script 35
	120	351	351	5,-2
	960	351	352	5,-2
	906	351	353	5,-2
	960	351	354	5,-2
;

script 36
	120	361	361	1,12
	800	361	361	1,12
	120	311	311	-1,3
	120	312	312	11,3
	500	362	361	9,12
	120	311	311	-1,3
	120	312	312	11,3
	300	361	361	1,12
	120	311	311	-1,3
	120	312	312	11,3
	500	362	361	9,12
	120	311	311	-1,3
	120	312	312	11,3
	300	361	361	1,12
	120	311	311	-1,3
	120	312	312	11,3
;

script 37
	120	311	371	-1,3
	80	321	373	-1,1
	40	312	372	11,3
	80	322	373	11,1
	40	311	371	-1,3
	80	321	373	-1,1
	40	312	372	11,3
	80	322	373	11,1
	80	321	373	-1,1
	80	322	373	11,1
;

script 38
	120	361	381	1,12
	120	311	371	-1,3
	120	312	372	11,3
	500	362	381	9,12
	120	311	371	-1,3
	120	312	372	11,3
	300	361	381	1,12
	120	311	371	-1,3
	120	312	372	11,3
	500	362	381	9,12
	120	311	371	-1,3
	120	312	372	11,3
	300	361	381	1,12
	120	311	371	-1,3
	120	312	372	11,3
;

script 39
	120	delay	empty	-1,-1
;

script boss3
	120	boss3	boss3	3,-2
;

?