!

script 41
	60	411	411	-4,1
	60	412	412	14,1
	60	411	413	-3,1
	60	412	414	13,1
	60	411	415	-2,1
	60	412	416	12,1
	60	411	417	-1,1
	60	412	418	11,1
;

script 42
	60	411	421	-4,1
	60	412	422	14,1
	60	411	423	-3,1
	60	412	424	13,1
	60	411	425	-2,1
	60	412	426	12,1
	60	411	427	-1,1
	60	412	428	11,1
;

script 43
	60	411	431	-4,1
	60	412	432	14,1
	60	411	433	-3,1
	60	412	434	13,1
	60	411	435	-2,1
	60	412	436	12,1
	60	411	437	-1,1
	60	412	438	11,1
;

script 44
	60	411	431	-4,1
	60	412	432	14,1
	60	411	433	-3,1
	60	412	434	13,1
	60	411	435	-2,1
	60	412	436	12,1
	60	411	437	-1,1
	60	412	438	11,1
	160	411	441	-4,2
	60	412	442	14,2
	60	411	443	-3,2
	60	412	444	13,2
	60	411	445	-2,2
	60	412	446	12,2
	60	411	447	-1,2
	60	412	448	11,2
	60	411	411	-4,1
	60	412	412	14,1
	60	411	413	-3,1
	60	412	414	13,1
	60	411	415	-2,1
	60	412	416	12,1
	60	411	417	-1,1
	60	412	418	11,1
;

script 45
	120	451	451	-2,3
;

script 46
	120	451	451	-5,3
	50	461	451	15,3
;

script 47
	120	471	471	-1,2
	120	472	472	11,2
	
	360	471	471	-1,3
	40	471	471	-1,2
	120	471	471	-1,3
	40	471	471	-1,2
	
	360	472	472	11,3
	40	472	472	11,2
	120	472	472	11,3
	40	472	472	11,2
;

script 48
	120	472	481	11,1
;

script 49
	120	delay	empty	-1,-1
;

script boss4
	120	boss4	boss4	3,-2
;

?