!

script 21
	120	211	211	-1,1
	40	211	211	-1,1
	120	212	211	11,1
	40	212	211	11,1
;

21

script 22
	120	211	221	-1,1
	150	211	221	-1,1
	150	211	221	-1,1
	150	211	221	-1,1
;

script 23
	120	231	221	1,-1
	20	231	221	1,-1
	20	231	221	1,-1
	360	231	221	9,-1
	20	231	221	9,-1
	20	231	221	9,-1
;

script 24
	120	212	221	11,1
	120	212	221	11,2
	120	212	221	11,3
	120	212	221	11,4
;

script 25
	120	211	221	-1,1
	120	211	221	-1,2
	120	211	221	-1,3
	120	211	221	-1,4
;

22
24
23
23
23
25

script 26
	120	delay	empty	-1,-1
;

script boss2
	120	boss2	boss2	3,-2
;

?